1
10
100
101
102
103
104
105
106
107
108
109
11
110
112
113
114
115
116
117
118
12
120
121
124
126
127
129
13
130
131
135
136
138
139
14
140
142
143
144
145
147
148
149
15
150
151
152
153
154
156
157
159
16
162
163
164
165
166
168
169
17
170
171
172
173
175
176
178
18
180
181
182
183
184
185
186
187
188
189
19
190
191
192
194
195
196
197
198
199
2
20
200
202
203
204
205
206
207
209
210
211
213
215
216
217
218
219
222
224
225
226
227
228
23
230
231
232
233
234
235
236
237
238
239
240
241
242
243
244
246
247
248
250
251
252
253
254
255
256
259
260
261
262
264
265
266
268
269
27
271
272
273
274
275
276
278
279
28
280
281
282
283
284
285
286
287
288
289
290
291
292
293
294
295
296
298
299
3
30
300
301
305
306
307
308
31
310
312
313
314
315
316
317
318
319
32
320
321
322
323
324
325
326
327
328
329
33
331
332
335
336
337
339
34
340
341
344
345
346
347
348
349
35
350
351
352
353
355
356
357
359
36
361
363
364
365
366
367
369
37
371
372
374
375
377
379
380
381
382
383
384
385
389
39
391
392
393
394
395
396
397
398
399
4
40
400
401
402
403
404
405
406
407
409
410
411
413
415
416
417
418
419
42
420
421
422
423
424
425
426
427
428
429
43
430
431
434
436
437
438
439
44
440
441
444
445
446
447
448
45
450
451
452
454
455
456
457
458
46
461
462
463
464
465
466
467
469
47
470
471
472
473
474
475
476
478
479
48
480
482
483
484
485
486
488
489
49
490
492
493
496
497
498
499
5
50
500
501
502
503
504
505
506
507
508
509
51
510
512
514
515
517
52
520
522
523
524
526
527
529
53
531
532
533
534
535
536
537
538
539
54
541
542
543
544
545
546
548
549
55
551
552
553
554
555
556
557
558
559
56
560
561
562
563
564
568
569
57
570
572
573
574
575
576
578
579
58
580
582
583
584
585
586
587
588
589
59
590
591
592
594
595
598
599
6
60
600
602
604
606
608
609
61
610
611
612
62
63
64
65
67
69
70
71
72
73
74
75
76
77
78
79
8
80
84
85
86
87
89
9
90
91
92
94
95
96
97
98
99
